//Version: PianoFingering_v170101
0	0.000000	0.330000	C#1	50	50	1	9
1	0.000000	0.330000	C#2	50	50	1	7
2	0.000000	0.170000	C#4	50	50	0	1
3	0.000000	0.170000	C#5	50	50	0	1
4	0.000000	0.170000	G#4	50	50	0	3
5	0.170000	0.330000	C#4	50	50	0	1
6	0.170000	0.330000	C#5	50	50	0	1
7	0.170000	0.330000	G#4	50	50	0	3
8	0.330000	0.500000	E4	50	50	0	2
9	0.330000	0.500000	E5	50	50	0	3
10	0.500000	0.830000	D#4	50	50	0	1
11	0.500000	0.830000	D#5	50	50	0	3
12	0.830000	1.000000	B3	50	50	1	6
13	0.830000	1.000000	B4	50	50	0	4
14	1.000000	1.170000	B3	50	50	1	6
15	1.000000	1.170000	B4	50	50	0	4
16	1.170000	1.500000	C#4	50	50	0	1
17	1.170000	1.500000	C#5	50	50	0	1
18	1.170000	1.500000	G#4	50	50	0	3
19	1.500000	1.670000	C#4	50	50	0	1
20	1.500000	1.670000	C#5	50	50	0	1
21	1.500000	1.670000	G#4	50	50	0	3
22	1.670000	1.830000	E4	50	50	0	2
23	1.670000	1.830000	E5	50	50	0	3
24	1.830000	2.170000	D#4	50	50	0	1
25	1.830000	2.170000	D#5	50	50	0	3
26	2.170000	2.670000	B3	50	50	1	5
27	2.170000	2.670000	B4	50	50	0	4
28	2.170000	2.670000	D#4	50	50	0	1
29	2.330000	2.670000	B1	50	50	1	7
30	2.330000	2.670000	B2	50	50	1	7
31	2.670000	2.830000	C#2	50	50	1	7
32	2.670000	3.000000	G#4	50	50	0	3
33	2.670000	3.000000	G#5	50	50	0	3
34	2.830000	3.000000	C#3	50	50	1	9
35	2.830000	3.000000	G#2	50	50	1	7
36	3.000000	3.170000	C#2	50	50	1	7
37	3.000000	3.170000	C#5	50	50	0	1
38	3.000000	3.170000	E4	50	50	0	2
39	3.000000	3.170000	E5	50	50	0	5
40	3.170000	3.330000	C#3	50	50	1	9
41	3.170000	3.500000	F#4	50	50	0	2
42	3.170000	3.500000	F#5	50	50	0	5
43	3.170000	3.330000	G#2	50	50	1	7
44	3.330000	3.500000	C#2	50	50	1	7
45	3.500000	3.670000	C#3	50	50	1	9
46	3.500000	3.830000	D#4	50	50	0	1
47	3.500000	3.830000	D#5	50	50	0	1
48	3.500000	3.670000	G#2	50	50	1	7
49	3.670000	3.830000	C#2	50	50	1	7
50	3.670000	3.830000	C#5	50	50	0	3
51	3.830000	4.000000	C#3	50	50	1	9
52	3.830000	4.170000	E4	50	50	0	2
53	3.830000	4.170000	E5	50	50	0	5
54	3.830000	4.000000	G#2	50	50	1	7
55	4.000000	4.170000	C#2	50	50	1	7
56	4.170000	4.330000	C#3	50	50	1	9
57	4.170000	4.500000	C#4	50	50	0	1
58	4.170000	4.330000	C#5	50	50	0	1
59	4.170000	4.330000	G#2	50	50	1	7
60	4.330000	4.500000	C#2	50	50	1	7
61	4.330000	4.500000	C#5	50	50	0	3
62	4.500000	4.670000	C#3	50	50	1	9
63	4.500000	4.830000	D#4	50	50	0	1
64	4.500000	4.830000	D#5	50	50	0	1
65	4.500000	4.670000	G#2	50	50	1	7
66	4.670000	4.830000	C#2	50	50	1	7
67	4.830000	5.330000	B3	50	50	1	5
68	4.830000	5.000000	B4	50	50	0	2
69	4.830000	5.000000	C#3	50	50	1	9
70	4.830000	5.000000	G#2	50	50	1	7
71	5.000000	5.170000	B1	50	50	1	7
72	5.000000	5.330000	B4	50	50	0	4
73	5.170000	5.330000	B2	50	50	1	7
74	5.170000	5.330000	F#2	50	50	1	7
75	5.330000	5.500000	A1	50	50	1	7
76	5.330000	5.670000	G#4	50	50	0	3
77	5.330000	5.670000	G#5	50	50	0	3
78	5.500000	5.670000	A2	50	50	1	7
79	5.500000	5.670000	E2	50	50	1	7
80	5.670000	5.830000	A1	50	50	1	7
81	5.670000	5.830000	C#5	50	50	0	1
82	5.670000	5.830000	E4	50	50	0	2
83	5.670000	5.830000	E5	50	50	0	5
84	5.830000	6.000000	A2	50	50	1	7
85	5.830000	6.000000	E2	50	50	1	7
86	5.830000	6.170000	F#4	50	50	0	2
87	5.830000	6.170000	F#5	50	50	0	5
88	6.000000	6.170000	A1	50	50	1	7
89	6.170000	6.330000	A2	50	50	1	7
90	6.170000	6.500000	C#5	50	50	0	1
91	6.170000	6.500000	D#4	50	50	0	1
92	6.170000	6.500000	D#5	50	50	0	1
93	6.170000	6.330000	E2	50	50	1	7
94	6.330000	6.500000	A1	50	50	1	7
95	6.500000	6.670000	A2	50	50	1	7
96	6.500000	6.670000	E2	50	50	1	7
97	6.500000	6.830000	E4	50	50	0	2
98	6.500000	6.830000	E5	50	50	0	5
99	6.670000	6.830000	A1	50	50	1	7
100	6.830000	7.000000	A2	50	50	1	7
101	6.830000	7.170000	D#4	50	50	0	1
102	6.830000	7.170000	D#5	50	50	0	1
103	6.830000	7.000000	E2	50	50	1	7
104	7.000000	7.170000	A1	50	50	1	7
105	7.170000	7.330000	A2	50	50	1	7
106	7.170000	7.500000	C#4	50	50	0	1
107	7.170000	7.500000	C#5	50	50	0	1
108	7.170000	7.330000	E2	50	50	1	7
109	7.330000	7.500000	A1	50	50	1	7
110	7.500000	7.670000	A2	50	50	1	7
111	7.500000	8.000000	B3	50	50	1	5
112	7.500000	8.000000	B4	50	50	0	2
113	7.500000	7.670000	E2	50	50	1	7
114	7.500000	8.000000	F#4	50	50	0	2
115	7.670000	7.830000	B1	50	50	1	7
116	7.830000	8.000000	B2	50	50	1	7
117	7.830000	8.000000	F#2	50	50	1	7
118	8.000000	8.330000	B4	50	50	0	2
119	8.000000	8.330000	B5	50	50	0	5
120	8.000000	8.170000	E2	50	50	1	7
121	8.170000	8.330000	B2	50	50	1	7
122	8.170000	8.330000	E3	50	50	1	8
123	8.330000	8.500000	E2	50	50	1	7
124	8.330000	8.500000	E5	50	50	0	5
125	8.330000	8.500000	G4	50	50	0	3
126	8.330000	8.500000	G5	50	50	0	3
127	8.500000	8.830000	A4	50	50	0	3
128	8.500000	8.830000	A5	50	50	0	3
129	8.500000	8.670000	B2	50	50	1	7
130	8.500000	8.670000	E3	50	50	1	5
131	8.670000	8.830000	E2	50	50	1	7
132	8.830000	9.000000	B2	50	50	1	7
133	8.830000	9.000000	E3	50	50	1	5
134	8.830000	9.170000	F#4	50	50	0	2
135	8.830000	9.170000	F#5	50	50	0	5
136	9.000000	9.170000	E2	50	50	1	7
137	9.000000	9.170000	E5	50	50	0	3
138	9.170000	9.330000	B2	50	50	1	7
139	9.170000	9.330000	E3	50	50	1	5
140	9.170000	9.500000	G4	50	50	0	3
141	9.170000	9.500000	G5	50	50	0	3
142	9.330000	9.500000	E2	50	50	1	7
143	9.500000	9.670000	B2	50	50	1	7
144	9.500000	9.670000	E3	50	50	1	8
145	9.500000	9.830000	E4	50	50	0	2
146	9.500000	9.670000	E5	50	50	0	5
147	9.670000	9.830000	E2	50	50	1	7
148	9.670000	9.830000	E5	50	50	0	3
149	9.830000	10.000000	B2	50	50	1	7
150	9.830000	10.000000	E3	50	50	1	8
151	9.830000	10.170000	F#4	50	50	0	2
152	9.830000	10.170000	F#5	50	50	0	5
153	10.000000	10.170000	E2	50	50	1	7
154	10.170000	10.330000	B2	50	50	1	7
155	10.170000	10.670000	D4	50	50	0	1
156	10.170000	10.330000	D5	50	50	0	1
157	10.170000	10.330000	E3	50	50	1	5
158	10.330000	10.500000	D2	50	50	1	7
159	10.330000	10.670000	D5	50	50	0	3
160	10.500000	10.670000	A2	50	50	1	7
161	10.500000	10.670000	D3	50	50	1	9
162	10.670000	11.000000	B4	50	50	0	2
163	10.670000	11.000000	B5	50	50	0	5
164	10.670000	10.830000	C2	50	50	1	7
165	10.830000	11.000000	C3	50	50	1	9
166	10.830000	11.000000	G2	50	50	1	7
167	11.000000	11.170000	C2	50	50	1	7
168	11.000000	11.170000	E5	50	50	0	5
169	11.000000	11.170000	G4	50	50	0	3
170	11.000000	11.170000	G5	50	50	0	3
171	11.170000	11.500000	A4	50	50	0	3
172	11.170000	11.500000	A5	50	50	0	3
173	11.170000	11.330000	C3	50	50	1	9
174	11.170000	11.330000	G2	50	50	1	7
175	11.330000	11.500000	C2	50	50	1	7
176	11.500000	11.670000	C3	50	50	1	9
177	11.500000	11.830000	D5	50	50	0	1
178	11.500000	11.830000	F#4	50	50	0	2
179	11.500000	11.830000	F#5	50	50	0	5
180	11.500000	11.670000	G2	50	50	1	7
181	11.670000	11.830000	C2	50	50	1	7
182	11.830000	12.000000	C3	50	50	1	9
183	11.830000	12.000000	G2	50	50	1	7
184	11.830000	12.170000	G4	50	50	0	3
185	11.830000	12.170000	G5	50	50	0	3
186	12.000000	12.170000	C2	50	50	1	7
187	12.170000	12.330000	C3	50	50	1	9
188	12.170000	12.500000	F#4	50	50	0	2
189	12.170000	12.500000	F#5	50	50	0	5
190	12.170000	12.330000	G2	50	50	1	7
191	12.330000	12.500000	C2	50	50	1	7
192	12.500000	12.670000	C3	50	50	1	9
193	12.500000	12.830000	E4	50	50	0	2
194	12.500000	12.830000	E5	50	50	0	5
195	12.500000	12.670000	G2	50	50	1	7
196	12.670000	12.830000	C2	50	50	1	7
197	12.830000	13.330000	B4	50	50	0	2
198	12.830000	13.000000	C3	50	50	1	9
199	12.830000	13.330000	D#4	50	50	0	1
200	12.830000	13.330000	D#5	50	50	0	1
201	12.830000	13.000000	G2	50	50	1	7
202	13.330000	13.500000	E3	50	50	1	8
203	13.330000	13.500000	E4	50	50	0	2
204	13.500000	13.670000	A3	50	50	1	7
205	13.500000	13.670000	A4	50	50	0	4
206	13.670000	13.830000	D4	50	50	0	1
207	13.670000	13.830000	D5	50	50	0	3
208	13.830000	14.000000	G4	50	50	0	3
209	13.830000	14.000000	G5	50	50	0	3
210	14.000000	14.170000	D#4	50	50	0	1
211	14.000000	14.170000	D#5	50	50	0	3
212	14.170000	14.330000	A#3	50	50	1	7
213	14.170000	14.330000	A#4	50	50	0	4
