
Note Analysis for Fingering:
--------------------------------------------------------------------------------
ID   Start    End      Pitch  Velocity Chord?  Distance
--------------------------------------------------------------------------------
2        0.00     0.17 G#4    50       *         7     
1        0.00     0.17 C#4    50       *        12     
0        0.00     0.17 C#5    50       *        48     
113      0.00     0.33 C#1    50       *        12     
112      0.00     0.33 C#2    50                36     
5        0.17     0.33 C#5    50       *        12     
4        0.17     0.33 C#4    50       *         7     
3        0.17     0.33 G#4    50                 8     
7        0.33     0.50 E5     50       *        12     
6        0.33     0.50 E4     50                11     
9        0.50     0.83 D#5    50       *        12     
8        0.50     0.83 D#4    50                 8     
11       0.83     1.00 B4     50       *        12     
10       0.83     1.00 B3     50                12     
13       1.00     1.17 B4     50       *        12     
12       1.00     1.17 B3     50                14     
16       1.17     1.50 C#5    50       *        12     
15       1.17     1.50 C#4    50       *         7     
14       1.17     1.50 G#4    50                 5     
19       1.50     1.67 C#5    50       *        12     
18       1.50     1.67 C#4    50       *         7     
17       1.50     1.67 G#4    50                 8     
21       1.67     1.83 E5     50       *        12     
20       1.67     1.83 E4     50                11     
23       1.83     2.17 D#5    50       *        12     
22       1.83     2.17 D#4    50                 4     
26       2.17     2.67 B3     50       *         4     
25       2.17     2.67 D#4    50       *         8     
24       2.17     2.67 B4     50                36     
115      2.33     2.67 B1     50       *        12     
114      2.33     2.67 B2     50                33     
28       2.67     3.00 G#5    50       *        12     
27       2.67     3.00 G#4    50       *        31     
116      2.67     2.83 C#2    50                 7     
118      2.83     3.00 G#2    50       *         5     
117      2.83     3.00 C#3    50                24     
31       3.00     3.17 C#5    50       *         9     
30       3.00     3.17 E4     50       *        12     
29       3.00     3.17 E5     50       *        39     
119      3.00     3.17 C#2    50                41     
33       3.17     3.50 F#5    50       *        12     
32       3.17     3.50 F#4    50       *        17     
121      3.17     3.33 C#3    50       *         5     
120      3.17     3.33 G#2    50                 7     
122      3.33     3.50 C#2    50                26     
35       3.50     3.83 D#4    50       *        12     
34       3.50     3.83 D#5    50       *        26     
124      3.50     3.67 C#3    50       *         5     
123      3.50     3.67 G#2    50                29     
36       3.67     3.83 C#5    50       *        36     
125      3.67     3.83 C#2    50                27     
38       3.83     4.17 E4     50       *        12     
37       3.83     4.17 E5     50       *        27     
127      3.83     4.00 C#3    50       *         5     
126      3.83     4.00 G#2    50                 7     
128      4.00     4.17 C#2    50                36     
39       4.17     4.33 C#5    50       *        12     
40       4.17     4.50 C#4    50       *        12     
130      4.17     4.33 C#3    50       *         5     
129      4.17     4.33 G#2    50                29     
41       4.33     4.50 C#5    50       *        36     
131      4.33     4.50 C#2    50                38     
43       4.50     4.83 D#5    50       *        12     
42       4.50     4.83 D#4    50       *        19     
133      4.50     4.67 G#2    50       *         5     
132      4.50     4.67 C#3    50                12     
134      4.67     4.83 C#2    50                34     
44       4.83     5.00 B4     50       *        12     
45       4.83     5.33 B3     50       *        10     
136      4.83     5.00 C#3    50       *         5     
135      4.83     5.00 G#2    50                27     
46       5.00     5.33 B4     50       *        36     
137      5.00     5.17 B1     50                12     
139      5.17     5.33 B2     50       *         5     
138      5.17     5.33 F#2    50                38     
48       5.33     5.67 G#5    50       *        12     
47       5.33     5.67 G#4    50       *        35     
140      5.33     5.50 A1     50                12     
142      5.50     5.67 A2     50       *         5     
141      5.50     5.67 E2     50                36     
51       5.67     5.83 E5     50       *        12     
50       5.67     5.83 E4     50       *         9     
49       5.67     5.83 C#5    50       *        40     
143      5.67     5.83 A1     50                45     
53       5.83     6.17 F#5    50       *        12     
52       5.83     6.17 F#4    50       *        26     
145      5.83     6.00 E2     50       *         5     
144      5.83     6.00 A2     50                12     
146      6.00     6.17 A1     50                40     
56       6.17     6.50 C#5    50       *         2     
55       6.17     6.50 D#5    50       *        12     
54       6.17     6.50 D#4    50       *        23     
148      6.17     6.33 E2     50       *         5     
147      6.17     6.33 A2     50                12     
149      6.33     6.50 A1     50                31     
58       6.50     6.83 E4     50       *        12     
57       6.50     6.83 E5     50       *        31     
151      6.50     6.67 A2     50       *         5     
150      6.50     6.67 E2     50                 7     
152      6.67     6.83 A1     50                42     
60       6.83     7.17 D#5    50       *        12     
59       6.83     7.17 D#4    50       *        23     
154      6.83     7.00 E2     50       *         5     
153      6.83     7.00 A2     50                12     
155      7.00     7.17 A1     50                40     
62       7.17     7.50 C#5    50       *        12     
61       7.17     7.50 C#4    50       *        16     
157      7.17     7.33 A2     50       *         5     
156      7.17     7.33 E2     50                 7     
158      7.33     7.50 A1     50                26     
65       7.50     8.00 B3     50       *        12     
64       7.50     8.00 B4     50       *         5     
63       7.50     8.00 F#4    50       *        21     
160      7.50     7.67 A2     50       *         5     
159      7.50     7.67 E2     50                 5     
161      7.67     7.83 B1     50                 7     
163      7.83     8.00 F#2    50       *         5     
162      7.83     8.00 B2     50                36     
67       8.00     8.33 B5     50       *        12     
66       8.00     8.33 B4     50       *        31     
164      8.00     8.17 E2     50                12     
166      8.17     8.33 E3     50       *         5     
165      8.17     8.33 B2     50                29     
70       8.33     8.50 E5     50       *         3     
69       8.33     8.50 G5     50       *        12     
68       8.33     8.50 G4     50       *        27     
167      8.33     8.50 E2     50                41     
72       8.50     8.83 A5     50       *        12     
71       8.50     8.83 A4     50       *        17     
169      8.50     8.67 E3     50       *         5     
168      8.50     8.67 B2     50                 7     
170      8.67     8.83 E2     50                38     
74       8.83     9.17 F#5    50       *        12     
73       8.83     9.17 F#4    50       *        14     
172      8.83     9.00 E3     50       *         5     
171      8.83     9.00 B2     50                29     
75       9.00     9.17 E5     50       *        36     
173      9.00     9.17 E2     50                27     
77       9.17     9.50 G4     50       *        12     
76       9.17     9.50 G5     50       *        27     
175      9.17     9.33 E3     50       *         5     
174      9.17     9.33 B2     50                 7     
176      9.33     9.50 E2     50                36     
78       9.50     9.67 E5     50       *        12     
79       9.50     9.83 E4     50       *        17     
178      9.50     9.67 B2     50       *         5     
177      9.50     9.67 E3     50                24     
80       9.67     9.83 E5     50       *        36     
179      9.67     9.83 E2     50                26     
82       9.83    10.17 F#4    50       *        12     
81       9.83    10.17 F#5    50       *        31     
181      9.83    10.00 B2     50       *         5     
180      9.83    10.00 E3     50                12     
182     10.00    10.17 E2     50                34     
83      10.17    10.33 D5     50       *        12     
84      10.17    10.67 D4     50       *        10     
184     10.17    10.33 E3     50       *         5     
183     10.17    10.33 B2     50                27     
85      10.33    10.67 D5     50       *        36     
185     10.33    10.50 D2     50                 7     
187     10.50    10.67 A2     50       *         5     
186     10.50    10.67 D3     50                33     
87      10.67    11.00 B5     50       *        12     
86      10.67    11.00 B4     50       *        35     
188     10.67    10.83 C2     50                 7     
190     10.83    11.00 G2     50       *         5     
189     10.83    11.00 C3     50                31     
90      11.00    11.17 G5     50       *        12     
89      11.00    11.17 G4     50       *         9     
88      11.00    11.17 E5     50       *        40     
191     11.00    11.17 C2     50                33     
92      11.17    11.50 A4     50       *        12     
91      11.17    11.50 A5     50       *        38     
193     11.17    11.33 G2     50       *         5     
192     11.17    11.33 C3     50                12     
194     11.33    11.50 C2     50                42     
95      11.50    11.83 F#5    50       *        12     
94      11.50    11.83 F#4    50       *         8     
93      11.50    11.83 D5     50       *        26     
196     11.50    11.67 C3     50       *         5     
195     11.50    11.67 G2     50                 7     
197     11.67    11.83 C2     50                31     
97      11.83    12.17 G4     50       *        12     
96      11.83    12.17 G5     50       *        36     
199     11.83    12.00 G2     50       *         5     
198     11.83    12.00 C3     50                12     
200     12.00    12.17 C2     50                30     
99      12.17    12.50 F#4    50       *        12     
98      12.17    12.50 F#5    50       *        30     
202     12.17    12.33 C3     50       *         5     
201     12.17    12.33 G2     50                 7     
203     12.33    12.50 C2     50                28     
101     12.50    12.83 E4     50       *        12     
100     12.50    12.83 E5     50       *        33     
205     12.50    12.67 G2     50       *         5     
204     12.50    12.67 C3     50                12     
206     12.67    12.83 C2     50                35     
104     12.83    13.33 B4     50       *         8     
103     12.83    13.33 D#4    50       *        12     
102     12.83    13.33 D#5    50       *        32     
208     12.83    13.00 G2     50       *         5     
207     12.83    13.00 C3     50                16     
105     13.33    13.50 E4     50       *        12     
209     13.33    13.50 E3     50                17     
106     13.50    13.67 A4     50       *        12     
210     13.50    13.67 A3     50                17     
107     13.67    13.83 D5     50       *        12     
211     13.67    13.83 D4     50                17     
108     13.83    14.00 G5     50       *        12     
212     13.83    14.00 G4     50                 8     
109     14.00    14.17 D#5    50       *        12     
213     14.00    14.17 D#4    50                 7     
110     14.17    14.33 A#4    50       *        12     
214     14.17    14.33 A#3    50               -       

Statistical Information:
Total notes: 214
Average note duration: 0.23 seconds
Average velocity: 50.00
Approximate number of chord notes: 134