//Version: PianoFingering_v170101
0	0.000000	0.170000	C#5	50	50	0	3
1	0.000000	0.170000	C#4	50	50	0	1
2	0.000000	0.170000	G#4	50	50	0	3
3	0.000000	0.330000	C#1	50	50	1	7
4	0.170000	0.330000	C#4	50	50	0	1
5	0.170000	0.330000	C#5	50	50	0	3
6	0.330000	0.500000	E5	50	50	0	3
7	0.500000	0.830000	D#5	50	50	0	3
8	0.830000	1.000000	B4	50	50	0	4
9	1.000000	1.170000	B4	50	50	0	4
10	1.170000	1.500000	C#4	50	50	0	1
11	1.170000	1.500000	C#5	50	50	0	3
12	1.500000	1.670000	C#4	50	50	0	1
13	1.500000	1.670000	C#5	50	50	0	3
14	1.670000	1.830000	E5	50	50	0	3
15	1.830000	2.170000	D#5	50	50	0	3
16	2.170000	2.670000	D#4	50	50	0	1
17	2.170000	2.670000	B3	50	50	1	6
18	2.330000	2.670000	B1	50	50	1	7
19	2.670000	3.000000	G#4	50	50	0	3
20	2.670000	3.000000	G#5	50	50	0	3
21	2.830000	3.000000	G#2	50	50	1	7
22	3.000000	3.170000	E5	50	50	0	3
23	3.000000	3.170000	E4	50	50	0	2
24	3.000000	3.170000	C#5	50	50	0	3
25	3.170000	3.500000	F#4	50	50	0	2
26	3.170000	3.500000	F#5	50	50	0	3
27	3.170000	3.330000	C#3	50	50	1	9
28	3.500000	3.830000	D#5	50	50	0	3
29	3.500000	3.830000	D#4	50	50	0	1
30	3.500000	3.670000	C#3	50	50	1	9
31	3.670000	3.830000	C#5	50	50	0	3
32	3.830000	4.170000	E5	50	50	0	3
33	3.830000	4.170000	E4	50	50	0	2
34	3.830000	4.000000	C#3	50	50	1	9
35	4.170000	4.330000	C#5	50	50	0	3
36	4.170000	4.500000	C#4	50	50	0	1
37	4.170000	4.330000	C#3	50	50	1	9
38	4.330000	4.500000	C#5	50	50	0	3
39	4.500000	4.830000	D#4	50	50	0	1
40	4.500000	4.830000	D#5	50	50	0	3
41	4.500000	4.670000	G#2	50	50	1	7
42	4.830000	5.000000	B4	50	50	0	4
43	4.830000	5.330000	B3	50	50	1	6
44	4.830000	5.000000	C#3	50	50	1	9
45	5.000000	5.330000	B4	50	50	0	4
46	5.170000	5.330000	B2	50	50	1	7
47	5.330000	5.670000	G#4	50	50	0	3
48	5.330000	5.670000	G#5	50	50	0	3
49	5.500000	5.670000	A2	50	50	1	7
50	5.670000	5.830000	C#5	50	50	0	3
51	5.670000	5.830000	E4	50	50	0	2
52	5.670000	5.830000	E5	50	50	0	3
53	5.830000	6.170000	F#4	50	50	0	2
54	5.830000	6.170000	F#5	50	50	0	3
55	5.830000	6.000000	E2	50	50	1	7
56	6.170000	6.500000	D#4	50	50	0	1
57	6.170000	6.500000	D#5	50	50	0	3
58	6.170000	6.500000	C#5	50	50	0	3
59	6.170000	6.330000	E2	50	50	1	7
60	6.500000	6.830000	E5	50	50	0	3
61	6.500000	6.830000	E4	50	50	0	2
62	6.500000	6.670000	A2	50	50	1	7
63	6.830000	7.170000	D#4	50	50	0	1
64	6.830000	7.170000	D#5	50	50	0	3
65	6.830000	7.000000	E2	50	50	1	7
66	7.170000	7.500000	C#4	50	50	0	1
67	7.170000	7.500000	C#5	50	50	0	3
68	7.170000	7.330000	A2	50	50	1	7
69	7.500000	8.000000	F#4	50	50	0	2
70	7.500000	8.000000	B4	50	50	0	4
71	7.500000	8.000000	B3	50	50	1	6
72	7.500000	7.670000	A2	50	50	1	7
73	7.830000	8.000000	F#2	50	50	1	7
74	8.000000	8.330000	B4	50	50	0	4
75	8.000000	8.330000	B5	50	50	0	3
76	8.170000	8.330000	E3	50	50	1	8
77	8.330000	8.500000	G4	50	50	0	3
78	8.330000	8.500000	G5	50	50	0	3
79	8.330000	8.500000	E5	50	50	0	3
80	8.500000	8.830000	A4	50	50	0	4
81	8.500000	8.830000	A5	50	50	0	3
82	8.500000	8.670000	E3	50	50	1	8
83	8.830000	9.170000	F#4	50	50	0	2
84	8.830000	9.170000	F#5	50	50	0	3
85	8.830000	9.000000	E3	50	50	1	8
86	9.000000	9.170000	E5	50	50	0	3
87	9.170000	9.500000	G5	50	50	0	3
88	9.170000	9.500000	G4	50	50	0	3
89	9.170000	9.330000	E3	50	50	1	8
90	9.500000	9.670000	E5	50	50	0	3
91	9.500000	9.830000	E4	50	50	0	2
92	9.500000	9.670000	B2	50	50	1	7
93	9.670000	9.830000	E5	50	50	0	3
94	9.830000	10.170000	F#5	50	50	0	3
95	9.830000	10.170000	F#4	50	50	0	2
96	9.830000	10.000000	B2	50	50	1	7
97	10.170000	10.330000	D5	50	50	0	3
98	10.170000	10.670000	D4	50	50	0	1
99	10.170000	10.330000	E3	50	50	1	8
100	10.330000	10.670000	D5	50	50	0	3
101	10.500000	10.670000	A2	50	50	1	7
102	10.670000	11.000000	B4	50	50	0	4
103	10.670000	11.000000	B5	50	50	0	3
104	10.830000	11.000000	G2	50	50	1	7
105	11.000000	11.170000	E5	50	50	0	3
106	11.000000	11.170000	G4	50	50	0	3
107	11.000000	11.170000	G5	50	50	0	3
108	11.170000	11.500000	A5	50	50	0	3
109	11.170000	11.500000	A4	50	50	0	4
110	11.170000	11.330000	G2	50	50	1	7
111	11.500000	11.830000	D5	50	50	0	3
112	11.500000	11.830000	F#4	50	50	0	2
113	11.500000	11.830000	F#5	50	50	0	3
114	11.500000	11.670000	C3	50	50	1	9
115	11.830000	12.170000	G5	50	50	0	3
116	11.830000	12.170000	G4	50	50	0	3
117	11.830000	12.000000	G2	50	50	1	7
118	12.170000	12.500000	F#5	50	50	0	3
119	12.170000	12.500000	F#4	50	50	0	2
120	12.170000	12.330000	C3	50	50	1	9
121	12.500000	12.830000	E5	50	50	0	3
122	12.500000	12.830000	E4	50	50	0	2
123	12.500000	12.670000	G2	50	50	1	7
124	12.830000	13.330000	D#5	50	50	0	3
125	12.830000	13.330000	D#4	50	50	0	1
126	12.830000	13.330000	B4	50	50	0	4
127	12.830000	13.000000	G2	50	50	1	7
128	13.330000	13.500000	E4	50	50	0	2
129	13.500000	13.670000	A4	50	50	0	4
130	13.670000	13.830000	D5	50	50	0	3
131	13.830000	14.000000	G5	50	50	0	3
132	14.000000	14.170000	D#5	50	50	0	3
133	14.170000	14.330000	A#4	50	50	0	4
